100	22	79	68	59	85	99	75	74	37	68	59	84	21	17	40	72	94	46	2	72	62	49	13	22	3	7	33	57	33	91	50	75	7	46	97	34	12	32	18	45	10	7	10	61	69	88	81	65	17	33	26	45	31	75	67	56	53	6	99	95	12	11	22	62	72	83	73	18	55	10	53	47	29	34	83	77	58	57	72	88	70	30	80	91	3	19	31	10	32	90	42	99	22	55	13	94	9	51	24	3	
2	71	43	79	11	29	37	57	0	3	95	81	16	83	59	97	83	70	0	79	2	34	79	70	35	12	26	25	83	95	72	49	26	11	22	24	82	10	22	62	43	92	96	93	70	21	80	8	58	26	65	65	98	48	92	29	39	1	84	92	79	9	18	7	15	67	17	49	72	73	54	12	32	20	13	19	81	45	66	51	33	3	67	10	80	43	2	1	57	33	87	78	47	40	63	62	60	18	22	54	
10	94	31	12	88	4	100	8	92	10	78	12	1	1	43	60	8	68	74	63	9	26	35	19	44	71	59	86	62	89	32	89	7	35	77	14	16	87	96	54	71	82	38	22	87	36	70	60	59	16	81	25	47	14	72	76	90	63	51	63	8	32	86	33	16	54	8	100	57	90	49	16	13	9	20	79	82	88	78	58	2	16	3	81	83	82	74	100	56	99	59	76	73	24	46	13	11	95	11	61	
30	69	47	38	74	36	62	16	59	85	61	32	8	8	31	6	68	90	1	82	98	47	9	25	88	22	14	50	10	23	99	74	51	73	9	82	65	33	100	16	48	12	47	16	59	43	81	89	17	99	67	77	83	92	64	13	33	88	66	41	64	97	67	66	59	63	56	6	34	93	98	51	18	56	70	11	68	42	8	24	5	3	66	62	60	76	45	3	22	62	17	3	93	12	48	81	14	73	30	68	
39	71	33	89	7	34	100	79	51	43	2	76	58	68	41	7	16	84	88	58	12	49	58	34	24	42	20	54	72	5	42	100	52	5	62	34	44	6	37	92	32	13	84	66	30	26	30	100	21	45	60	47	37	12	46	54	32	93	60	6	63	1	84	49	43	88	69	41	48	57	21	24	53	53	57	68	20	56	49	71	54	25	96	89	17	20	45	91	9	71	65	56	18	24	21	16	90	63	95	19	
21	25	74	30	2	100	34	52	1	57	47	72	46	75	21	50	22	88	29	67	61	52	86	11	63	69	69	89	95	53	38	18	78	60	40	66	18	3	52	59	71	32	48	83	3	29	45	82	68	23	64	98	17	28	20	89	74	58	22	50	34	40	94	9	90	39	9	62	2	98	44	36	80	58	63	70	89	39	66	55	75	9	81	16	19	14	96	28	71	56	75	70	1	0	65	40	91	58	78	11	
78	9	72	55	8	39	19	66	82	15	59	43	25	46	9	29	14	77	29	34	5	0	27	10	70	0	41	52	10	81	79	58	4	92	84	95	42	58	97	75	97	87	67	10	55	6	15	54	44	81	74	81	18	25	11	8	88	72	29	36	29	1	8	4	13	23	78	24	98	12	83	38	55	23	47	24	76	89	31	76	67	11	44	5	72	100	21	54	89	35	62	70	74	42	92	20	31	78	50	49	
91	82	49	14	57	36	4	95	80	68	2	20	92	23	1	3	34	52	88	0	22	40	80	43	39	69	83	7	79	80	99	64	27	88	21	21	99	34	97	100	68	9	76	41	63	12	17	54	2	26	52	75	55	31	46	62	82	70	38	38	67	11	32	29	13	50	40	44	95	74	37	51	96	31	5	78	75	36	19	28	15	52	37	92	10	38	27	31	40	98	28	58	85	36	39	6	73	58	41	23	
12	2	35	72	2	95	78	43	62	63	17	37	1	33	58	18	99	47	48	78	16	21	72	85	26	59	61	4	12	13	33	76	82	82	17	36	74	50	16	74	45	68	83	54	44	32	41	47	17	91	59	30	64	26	27	58	82	69	17	62	67	6	10	50	98	43	6	5	36	87	40	100	52	86	100	53	51	6	35	2	23	33	72	39	98	74	77	5	71	3	48	9	76	2	97	9	18	56	9	16	
42	48	0	99	81	0	41	31	66	28	46	28	13	48	40	65	83	54	99	87	17	3	38	76	79	0	60	68	60	88	87	11	18	76	97	64	72	47	62	59	44	22	32	35	17	28	10	34	85	26	47	44	69	67	60	4	7	60	89	74	37	90	36	59	65	39	47	26	91	41	86	64	1	25	50	74	64	77	32	26	47	94	36	46	41	100	52	64	84	70	77	75	63	60	16	94	98	25	15	88	
37	6	88	57	6	70	86	18	37	45	92	16	90	48	74	60	0	22	86	50	0	68	84	9	35	39	22	80	87	29	94	68	81	33	19	42	68	33	98	56	17	84	100	32	91	26	31	66	8	31	89	26	65	15	45	82	98	69	67	25	45	81	95	22	63	8	21	52	56	77	94	89	51	83	92	82	90	8	6	88	31	15	10	91	12	61	92	46	4	78	10	40	38	57	18	94	52	85	25	50	
7	63	91	23	5	64	66	52	17	89	55	93	73	35	7	92	97	74	10	17	70	13	75	60	34	4	98	10	87	51	32	22	23	47	53	14	92	79	53	77	5	53	53	100	8	61	38	98	68	31	92	95	53	89	37	13	14	16	0	2	70	34	64	33	14	8	66	86	66	38	71	1	18	71	60	61	19	17	1	81	77	35	67	80	79	22	49	65	86	86	74	29	30	66	31	34	17	60	70	0	
75	23	58	35	98	86	5	23	85	19	48	52	38	51	58	100	24	88	79	46	38	69	82	23	26	29	79	40	69	92	27	85	62	85	92	22	78	51	54	55	1	8	31	24	90	21	31	100	61	87	38	60	76	19	53	88	28	47	34	27	99	23	40	28	34	88	21	0	97	79	90	92	6	0	68	55	48	67	59	65	94	11	80	26	0	80	49	82	54	39	13	12	46	89	53	7	89	71	19	9	
45	16	54	34	43	85	40	13	75	10	95	9	53	2	99	55	18	83	71	21	95	10	52	52	70	36	55	0	9	49	33	98	12	62	77	32	54	14	79	3	32	0	72	15	94	63	58	15	68	93	15	17	50	49	75	4	93	93	1	92	87	50	98	59	51	13	85	92	8	43	87	50	30	98	94	25	13	22	8	36	89	19	58	60	58	3	51	63	16	78	89	72	97	12	2	82	9	40	7	84	
98	62	28	86	22	58	10	9	87	24	20	7	80	65	95	68	92	42	42	66	54	17	58	20	29	11	70	1	51	0	15	94	35	14	92	9	36	33	91	36	94	17	83	3	32	68	62	7	69	26	26	32	53	63	34	67	86	52	0	53	70	23	77	62	36	91	34	6	81	57	6	26	93	8	85	56	0	32	57	33	63	85	0	11	93	12	10	6	22	38	64	19	84	97	35	10	3	12	92	8	
88	20	62	20	0	96	44	61	7	24	77	94	30	100	97	45	92	15	89	20	29	100	9	38	97	45	2	49	49	63	11	53	7	66	93	43	37	48	61	57	5	11	3	65	77	18	96	33	1	89	2	6	47	83	64	49	97	57	1	16	48	84	92	100	28	19	23	31	98	95	88	72	84	15	76	5	59	71	83	43	86	63	59	44	63	42	98	47	29	88	21	54	22	55	96	25	30	21	91	8	
41	41	10	23	51	13	95	90	15	49	88	35	59	54	87	88	64	63	85	82	46	13	42	76	38	25	100	89	46	41	46	83	29	80	81	8	26	78	44	53	29	76	77	4	12	32	33	6	3	43	96	1	39	75	84	21	96	87	97	17	10	8	17	36	4	10	41	29	4	96	89	42	57	13	2	72	85	52	15	86	32	41	41	26	66	57	29	81	21	70	4	27	61	18	87	60	6	70	85	63	
60	44	13	22	68	52	62	20	45	51	90	21	5	10	84	18	5	68	87	42	57	78	79	27	34	74	38	59	100	2	83	78	59	58	84	59	39	77	93	19	14	43	39	22	57	74	21	71	17	77	87	10	99	10	5	32	25	48	88	1	77	80	0	2	59	67	49	17	55	48	65	41	75	27	6	8	20	61	55	41	40	15	37	31	75	30	6	47	53	15	73	66	25	61	39	69	27	75	14	11	
69	67	98	0	41	90	18	1	41	65	73	25	20	50	1	89	17	94	7	64	82	76	50	95	80	20	96	76	35	96	97	26	5	20	52	44	84	75	90	96	9	86	9	80	14	2	60	58	80	15	19	55	37	88	39	37	32	99	40	86	68	93	96	52	45	57	94	72	83	84	76	14	50	96	62	68	64	66	54	86	17	38	60	57	5	7	53	6	67	65	70	76	18	76	25	99	94	44	15	33	
58	47	47	91	58	34	61	23	77	33	72	98	36	50	31	56	38	95	16	32	11	74	100	40	80	11	84	81	20	75	83	14	86	73	5	70	98	70	4	22	81	60	1	31	60	35	87	69	10	88	75	2	48	0	12	58	12	58	96	26	59	32	42	67	23	51	11	10	73	26	23	23	8	79	78	18	80	28	70	92	12	61	76	70	60	31	60	62	77	34	27	68	53	50	18	24	9	37	79	70	
72	89	23	76	98	47	96	32	17	47	66	3	12	65	31	44	73	64	20	100	18	70	97	23	89	49	86	3	16	70	59	98	2	41	24	40	91	67	47	91	9	81	36	6	49	4	79	5	77	59	70	86	68	97	64	53	27	22	48	62	52	16	70	93	72	68	74	50	97	17	74	83	96	86	63	70	89	46	42	80	37	17	2	30	11	99	21	15	3	66	93	76	20	44	98	46	61	36	87	46	
83	95	95	24	52	9	26	79	91	74	100	19	12	90	47	28	39	65	77	31	98	95	81	1	16	50	40	69	10	64	29	80	38	27	90	62	72	98	49	11	49	6	88	14	2	25	12	41	46	54	8	29	88	49	38	41	5	2	94	84	41	16	60	77	9	88	8	88	63	47	86	98	8	48	84	51	64	82	82	58	39	26	24	21	31	99	36	60	52	5	29	48	59	54	6	37	50	65	28	79	
59	13	38	0	59	93	40	21	54	9	41	36	66	59	43	85	11	33	71	94	52	8	41	1	78	62	68	56	10	46	51	92	39	37	92	68	21	24	72	59	60	97	19	40	26	77	45	87	46	8	17	9	69	48	71	4	55	90	3	88	63	51	51	16	17	59	68	51	12	6	73	7	11	51	33	43	7	14	86	5	31	98	81	93	92	20	26	15	75	21	28	52	1	89	61	28	61	75	86	42	
73	4	84	71	15	77	15	24	53	41	93	86	10	88	71	48	59	24	41	20	52	16	54	34	94	73	54	4	36	10	61	74	99	34	72	96	17	60	56	93	50	53	66	88	48	13	32	18	93	33	82	50	90	19	20	12	21	36	71	16	87	78	53	13	85	65	74	55	5	36	32	15	49	39	71	85	83	16	15	2	80	27	41	89	44	30	72	25	73	9	37	71	100	29	76	88	83	44	88	95	
34	40	97	54	49	98	88	95	22	87	51	89	82	46	45	69	46	15	32	89	50	71	92	53	19	74	66	88	51	15	94	67	96	79	65	58	1	89	86	2	34	49	64	6	49	0	48	76	92	76	74	5	23	45	84	72	12	34	58	43	27	38	7	79	70	86	52	57	84	54	64	58	80	60	43	66	2	88	15	11	19	32	9	38	88	7	7	64	70	65	84	52	69	3	73	95	72	96	40	47	
71	99	50	94	28	81	44	16	54	94	29	80	43	46	56	32	29	23	46	66	96	47	26	59	8	37	93	84	8	48	12	23	48	47	77	3	95	88	1	71	23	90	47	7	31	18	98	60	42	4	64	49	100	86	89	84	5	48	9	29	28	26	17	35	11	36	90	75	33	67	47	12	58	18	41	10	74	65	96	13	25	57	96	28	51	92	83	74	80	72	81	25	97	61	68	85	25	55	88	81	
8	16	96	50	98	87	87	67	10	82	36	0	80	88	91	51	31	63	93	83	5	49	55	34	15	98	1	90	60	34	78	77	44	22	13	95	36	22	66	85	20	60	85	0	76	17	79	83	14	61	21	59	40	69	96	13	14	23	39	90	65	33	52	45	20	25	6	91	87	6	26	63	49	52	86	29	23	26	32	21	23	57	18	52	83	84	28	38	14	31	79	51	92	11	47	100	42	29	29	88	
77	72	13	58	85	44	32	62	97	73	45	47	42	26	38	83	33	24	38	9	31	36	23	72	14	66	43	75	67	68	26	15	9	30	95	66	96	73	77	92	92	77	75	39	19	96	57	52	35	27	13	24	82	54	67	20	96	100	100	48	0	17	79	11	53	61	66	40	56	97	5	24	92	73	15	72	34	12	85	47	47	52	81	34	73	65	91	93	96	64	69	19	67	11	76	58	58	21	78	98	
28	59	10	31	88	28	79	50	88	44	17	51	86	48	44	92	64	49	57	86	54	26	43	19	93	56	54	25	66	85	86	67	17	55	16	73	32	45	100	63	36	61	84	76	77	73	90	39	43	40	51	48	42	49	3	71	28	86	56	73	60	41	100	58	14	25	90	33	17	65	62	80	96	38	15	87	63	38	20	96	60	83	38	22	1	36	33	6	72	58	60	93	79	45	67	78	74	41	98	74	
14	81	95	72	24	0	84	8	89	77	81	35	35	67	40	53	94	33	33	95	30	62	66	49	18	95	41	89	33	18	19	12	21	43	9	31	25	37	32	9	80	86	12	78	61	52	11	63	95	33	91	38	43	45	67	19	41	81	59	29	69	29	72	48	100	100	31	13	46	58	36	35	100	83	10	81	33	87	57	46	75	62	37	82	30	68	22	20	23	57	5	23	91	69	59	93	51	58	64	65	
52	55	63	92	29	95	83	4	11	14	77	54	99	29	56	87	1	69	49	83	52	11	87	1	40	91	67	98	37	78	28	5	70	17	12	17	90	10	0	60	61	52	67	21	72	91	68	11	32	63	96	26	96	78	20	88	96	12	25	20	0	37	21	21	61	45	52	19	89	49	80	56	38	54	55	6	82	46	4	71	69	16	11	58	26	65	78	88	85	64	64	34	63	39	35	14	84	84	96	17	
67	81	39	64	9	94	38	89	41	88	14	70	40	78	68	33	99	40	62	6	15	77	42	87	31	36	7	45	92	99	18	51	84	25	15	19	2	38	66	95	18	19	96	26	24	11	66	94	42	40	49	5	10	90	77	39	74	100	15	19	93	4	45	56	49	100	56	58	11	83	89	36	2	68	66	88	1	43	91	81	75	90	9	72	97	14	67	74	82	63	26	6	3	84	35	71	9	32	74	100	
89	16	61	41	69	63	9	9	54	72	46	87	11	64	39	36	91	68	5	45	82	21	54	53	53	37	56	24	51	14	1	88	46	69	42	4	81	18	15	19	74	36	2	32	69	63	29	82	5	5	70	59	5	3	55	0	2	81	100	57	86	39	13	95	7	50	94	63	19	11	100	36	73	94	11	7	48	19	11	70	72	78	64	85	15	38	20	5	44	52	44	100	66	61	76	84	30	35	54	1	
60	40	42	36	46	79	31	97	3	69	5	20	42	63	99	73	91	51	1	46	64	17	67	70	16	55	57	2	3	7	80	28	77	69	87	84	36	65	0	35	49	42	66	65	85	98	44	4	29	39	40	2	76	11	36	68	40	56	69	49	68	89	78	83	22	55	69	66	20	2	72	15	25	58	39	42	28	33	83	57	23	10	81	63	16	18	57	53	93	99	27	78	24	25	57	26	96	85	68	92	
83	69	65	5	35	19	23	80	28	56	55	98	63	89	26	32	88	27	82	34	83	12	14	14	26	10	40	45	45	60	73	69	9	28	85	75	20	12	22	71	59	87	49	59	18	20	100	21	40	100	4	25	0	15	56	65	86	95	7	8	45	46	98	6	60	57	88	4	48	48	53	24	53	89	87	30	54	86	68	55	54	61	4	30	93	80	93	36	69	65	30	95	79	60	94	33	94	94	98	15	
9	2	24	1	40	9	8	89	86	57	0	18	28	96	91	19	52	9	10	86	10	40	34	36	2	12	24	81	32	38	85	8	66	83	52	7	68	82	68	2	16	14	83	3	41	32	80	75	59	9	72	59	35	29	95	44	38	25	2	99	11	3	54	12	45	44	82	59	76	26	61	9	44	16	49	46	86	33	44	37	21	14	97	20	28	7	28	61	53	22	74	16	99	87	18	20	98	100	64	6	
60	13	23	6	95	11	47	16	11	92	62	90	97	63	45	39	27	54	92	77	68	56	72	82	41	100	43	90	29	63	20	84	82	57	88	1	32	43	66	18	47	23	16	35	95	49	59	39	11	38	40	15	6	67	21	41	99	51	53	100	4	18	51	91	4	11	62	1	21	10	13	14	17	45	44	99	34	84	32	10	57	22	9	74	81	6	83	28	3	82	84	14	5	0	16	30	62	26	97	28	
41	56	78	9	78	94	55	83	12	40	87	11	36	73	24	62	63	10	86	57	82	31	32	89	16	11	27	32	71	18	91	63	61	38	5	31	27	91	64	55	0	96	60	23	0	89	37	83	42	17	37	0	54	66	39	71	18	82	55	19	71	44	76	16	92	39	61	87	99	31	70	83	92	7	60	16	78	91	40	52	67	46	17	2	13	98	94	42	72	27	10	9	63	12	30	24	56	31	14	43	
77	56	41	14	54	30	95	35	64	87	61	49	45	65	67	12	72	28	46	18	27	26	0	4	13	60	79	78	51	14	17	56	39	66	59	55	25	11	43	57	77	85	47	58	46	45	72	8	8	27	54	99	27	33	13	98	26	96	92	37	89	69	60	34	3	64	11	69	7	28	23	74	29	67	21	18	23	79	76	98	14	21	59	9	83	100	27	85	59	87	25	45	0	76	9	59	93	65	28	39	
24	89	64	20	29	12	45	10	11	56	90	63	52	83	31	46	94	84	54	29	26	11	19	75	64	5	41	57	46	14	81	83	70	86	95	64	67	89	15	0	29	41	47	66	67	42	76	57	72	10	39	56	62	44	34	80	42	57	9	74	82	100	16	43	39	77	66	100	51	92	54	95	73	84	96	9	1	38	14	1	91	46	0	83	24	12	26	29	49	34	62	15	40	23	97	69	50	48	98	18	
56	49	54	64	27	90	43	12	57	85	34	19	95	100	49	28	89	16	55	27	82	93	88	44	22	51	41	26	33	25	24	54	18	42	79	47	95	17	6	36	96	72	77	44	55	39	88	73	29	92	9	74	18	18	96	44	59	11	27	39	88	50	29	87	39	25	94	18	11	56	13	70	82	56	76	77	87	62	34	2	51	22	22	24	70	74	51	5	22	8	65	1	28	85	92	11	47	44	26	38	
21	74	61	42	57	33	93	37	51	63	44	72	63	52	85	33	74	12	1	80	82	99	46	16	17	31	58	54	71	38	1	56	50	98	51	69	24	44	50	96	21	71	27	6	53	50	2	14	83	70	15	61	83	14	67	78	56	99	60	27	18	40	88	64	23	13	75	42	63	66	31	80	29	29	74	50	20	49	67	51	25	52	1	44	96	82	12	99	43	79	29	51	13	16	40	21	30	87	26	85	
99	71	59	64	10	91	30	100	15	68	17	71	69	75	19	8	76	86	50	38	10	4	80	76	89	100	3	91	75	42	81	99	57	9	58	33	76	1	75	59	22	67	74	35	76	99	11	58	48	17	16	80	63	63	30	73	65	70	34	2	97	31	62	6	6	99	59	43	68	89	28	68	94	43	88	47	87	78	3	58	33	93	51	23	50	79	14	37	66	43	6	8	92	82	24	62	79	79	38	68	
44	93	22	95	65	25	88	30	24	13	13	5	91	50	72	76	34	85	78	32	88	4	78	28	38	83	51	88	24	27	29	65	28	0	22	80	45	76	68	34	32	22	74	12	36	53	36	2	61	90	36	67	58	17	43	10	78	84	32	9	58	29	85	60	84	37	52	49	100	67	79	7	10	45	17	15	4	57	46	94	72	20	97	31	66	89	2	71	81	3	34	68	44	49	77	29	72	79	56	93	
0	37	31	54	47	100	23	20	62	36	7	2	48	27	32	6	99	35	99	68	33	30	85	34	15	15	100	27	14	66	82	69	96	81	7	38	46	97	39	76	11	27	8	70	74	69	8	22	32	11	4	71	43	14	57	14	32	67	70	68	25	79	67	23	3	79	11	37	24	63	24	98	50	60	100	1	33	35	94	53	2	43	19	56	60	37	93	67	31	51	90	33	1	11	19	5	79	74	38	86	
8	88	49	42	65	53	22	22	38	99	2	90	45	58	14	12	62	36	32	53	1	32	100	90	39	64	25	28	89	43	40	80	49	87	61	9	53	88	88	14	55	61	57	6	26	21	74	85	93	17	13	100	29	41	11	40	73	62	10	69	42	0	5	39	63	75	27	16	33	86	82	96	18	65	83	38	76	92	35	96	95	77	61	68	33	17	63	63	3	24	97	30	83	73	34	46	27	10	36	8	
4	85	95	72	28	56	24	28	54	42	65	15	78	67	93	19	49	16	49	68	75	43	2	99	6	27	33	50	56	85	93	19	63	89	40	56	42	100	93	60	94	7	31	46	66	14	44	77	94	69	2	69	73	78	54	11	84	90	75	75	42	54	83	65	0	88	89	13	44	38	81	89	56	24	67	54	90	11	79	30	72	30	38	4	85	22	23	65	68	59	21	77	36	19	47	56	29	61	35	29	
84	61	41	39	89	67	93	79	49	67	69	57	83	89	70	72	69	30	38	84	98	86	97	36	26	10	11	0	18	71	46	43	74	86	56	68	55	64	81	19	67	23	52	90	81	84	32	71	55	64	41	71	70	0	20	77	20	63	50	98	40	15	75	1	4	9	50	31	39	87	6	7	69	96	74	5	91	87	96	17	80	67	61	94	21	6	86	16	81	79	56	57	69	100	46	90	52	1	75	40	
92	49	65	50	72	30	68	31	45	60	20	56	3	87	73	67	0	85	73	56	94	84	7	31	75	88	2	56	17	46	85	71	35	26	74	84	96	34	25	44	15	11	23	57	33	15	76	33	6	14	65	23	81	23	32	55	10	98	77	11	71	20	80	77	56	83	96	31	22	62	62	63	26	49	14	95	3	70	20	77	84	59	55	95	61	69	11	25	6	64	57	89	67	9	96	22	3	92	67	97	
79	41	59	18	58	30	4	7	51	24	77	41	97	66	89	53	58	0	35	88	1	11	58	52	90	52	19	7	76	14	42	79	11	18	80	7	54	25	90	1	81	95	12	35	87	86	26	42	65	16	2	52	54	49	35	57	65	64	33	71	13	24	41	39	75	11	29	70	11	66	26	35	50	7	9	2	4	66	53	51	47	79	26	68	2	27	30	8	27	55	2	46	71	20	24	21	83	87	11	42	
65	52	95	60	41	57	79	74	1	99	87	45	87	77	2	7	80	16	17	6	87	95	30	76	10	41	23	87	49	36	17	39	37	66	69	9	80	32	54	90	21	44	40	93	58	62	42	21	72	50	66	96	62	10	96	7	80	27	1	69	37	51	17	58	52	67	86	86	64	77	9	10	51	95	16	14	12	17	95	66	1	12	90	61	3	35	53	11	44	96	57	90	25	22	73	21	41	64	33	20	
7	71	62	43	8	71	58	21	69	17	14	42	76	38	19	79	15	44	46	21	71	45	39	47	18	94	19	72	7	90	38	38	26	80	44	38	3	37	65	14	87	36	7	71	19	80	34	17	14	41	3	74	26	25	55	30	97	34	56	95	93	98	54	88	77	4	57	3	1	73	39	77	86	95	86	98	85	13	15	49	59	85	30	9	91	75	23	26	13	100	14	36	41	35	34	63	38	3	76	53	
67	41	91	48	80	96	66	58	23	73	48	16	64	81	11	8	15	43	83	43	34	50	37	2	97	35	87	26	11	42	70	58	97	51	97	81	82	80	16	44	4	26	15	18	22	11	54	98	71	80	35	79	94	9	98	38	75	48	50	48	48	60	38	70	84	87	25	27	46	51	95	87	31	60	32	30	88	9	92	17	56	100	19	85	35	63	54	65	81	69	82	45	44	74	94	65	99	61	61	100	
34	98	6	32	57	45	70	48	1	46	56	9	1	26	62	92	4	90	41	43	36	93	33	75	21	53	81	65	69	78	19	51	24	79	57	26	65	84	6	99	28	62	96	13	96	37	0	36	47	33	91	70	24	51	39	74	15	99	27	81	52	63	94	97	49	100	18	96	32	12	5	9	58	34	36	95	13	72	74	38	54	21	57	84	49	0	78	71	97	83	100	44	40	62	66	88	93	56	28	100	
96	24	5	70	51	69	33	90	32	62	2	16	46	75	4	81	93	7	54	22	28	72	16	1	77	34	34	72	14	70	2	73	20	83	54	76	68	25	47	39	16	10	61	48	4	35	67	84	1	37	9	86	44	91	63	62	44	58	67	67	84	1	81	65	70	94	18	69	64	1	78	21	93	16	53	11	11	20	81	96	24	7	33	68	3	14	69	19	23	78	76	48	85	81	42	88	53	55	25	76	
44	40	49	9	91	51	85	80	47	6	32	69	35	86	15	39	83	73	4	87	15	81	10	32	66	21	50	69	78	56	21	82	10	8	23	83	55	82	85	29	41	3	3	12	60	30	91	82	82	52	59	10	10	25	36	78	3	62	33	87	37	61	35	41	72	62	52	70	29	7	33	22	9	32	3	39	26	94	71	64	74	58	84	63	28	83	55	37	75	11	45	47	5	43	64	24	14	8	96	86	
54	64	69	97	32	94	72	89	92	91	31	41	73	32	98	48	91	81	93	9	94	93	82	5	72	97	63	90	46	36	14	15	81	56	22	46	13	2	34	54	95	60	71	53	47	7	27	60	51	86	45	76	18	72	79	86	24	77	41	92	58	93	93	35	95	98	15	98	39	28	41	95	13	87	52	45	22	46	61	66	79	49	58	1	98	51	91	68	37	73	3	98	97	73	35	63	100	27	62	40	
21	96	64	96	27	3	67	17	79	37	50	15	36	5	21	97	59	37	55	90	5	92	14	70	61	68	13	28	11	56	75	23	25	100	81	20	74	8	12	10	13	57	86	12	90	61	48	99	57	5	71	35	67	76	53	75	19	79	15	93	76	81	6	99	75	12	38	46	99	85	45	99	17	25	98	33	10	1	27	30	51	58	43	45	75	62	71	21	5	91	67	31	28	16	16	76	17	36	87	38	
50	14	8	19	35	80	15	18	72	53	23	75	96	9	39	20	59	81	2	97	10	42	57	75	24	24	6	25	83	99	17	21	10	25	8	11	96	87	53	74	55	37	10	63	69	12	96	75	3	12	99	69	63	26	59	89	61	72	39	41	35	4	80	15	49	25	24	61	54	75	81	75	73	13	22	23	77	89	90	19	38	1	19	61	33	54	57	57	28	47	26	97	42	18	11	3	41	53	52	46	
30	84	84	80	13	7	68	89	79	55	58	33	38	85	93	95	91	31	39	66	22	60	58	8	31	14	45	85	58	63	94	55	55	60	70	93	38	11	87	95	36	47	15	15	7	76	99	96	34	30	86	4	87	35	98	81	31	3	50	53	31	87	78	25	76	4	15	30	82	51	79	81	99	8	72	5	72	93	65	74	33	47	31	40	91	32	93	90	89	60	35	87	13	38	5	34	4	60	77	90	
50	89	32	69	71	84	69	40	58	7	64	25	3	23	77	67	96	26	25	98	15	80	100	71	17	24	57	59	63	73	42	7	93	23	62	42	74	41	97	70	33	61	47	19	85	28	20	64	11	64	93	80	95	0	63	5	100	33	19	88	12	79	1	99	98	63	87	53	51	52	61	60	23	83	81	86	74	86	9	68	19	45	42	96	38	73	84	63	59	64	79	98	49	37	79	50	40	38	72	24	
34	92	8	94	70	12	84	43	69	13	5	37	4	84	48	56	21	79	29	11	29	6	56	46	34	73	63	46	62	45	98	52	36	91	70	10	38	59	9	46	61	78	22	86	45	21	78	46	1	6	27	20	24	60	92	80	31	48	31	5	90	23	0	20	41	25	72	3	45	70	25	39	79	100	4	4	74	68	12	90	29	95	63	57	30	29	82	62	53	38	52	19	19	58	31	33	91	2	81	65	
71	47	57	23	60	78	20	23	85	73	5	54	60	24	99	15	51	93	92	26	46	53	95	94	30	39	71	79	46	36	71	100	36	34	39	72	42	93	29	91	70	68	6	39	56	98	49	90	78	97	75	92	94	34	34	43	17	21	92	4	63	66	47	80	63	80	20	82	65	79	49	25	51	83	82	50	36	87	45	30	9	61	77	33	61	44	33	25	20	70	68	23	68	64	38	0	54	96	65	13	
24	53	5	54	76	54	86	51	4	98	66	33	25	37	98	18	90	45	89	86	47	30	92	6	57	81	21	74	59	89	77	23	96	52	36	51	77	54	44	41	18	15	12	5	25	70	99	0	9	53	30	39	36	40	7	83	2	70	58	35	31	8	77	6	5	83	19	14	49	55	56	35	71	71	32	97	23	11	14	70	71	93	70	42	42	82	41	40	84	56	10	18	51	75	80	48	17	27	18	90	
43	95	8	56	80	60	80	44	5	74	44	95	99	92	60	29	76	60	86	17	45	48	59	58	59	94	1	28	50	54	31	48	31	3	22	24	10	91	29	32	11	76	85	96	5	61	48	51	84	51	80	7	21	94	19	76	35	31	56	9	10	13	27	94	98	82	17	64	36	31	93	91	35	68	25	53	93	58	54	69	43	21	52	47	56	22	47	94	91	42	39	9	42	72	17	8	52	54	42	96	
67	3	46	28	2	1	95	38	54	48	83	100	81	7	86	18	66	67	35	33	9	27	61	78	82	17	33	40	60	59	46	11	78	32	24	5	76	11	62	72	65	48	42	52	1	51	90	88	89	67	92	97	6	75	12	61	16	61	81	9	3	49	100	89	45	55	9	93	30	54	37	84	11	90	84	46	44	5	2	75	74	77	73	10	100	37	71	12	29	93	61	58	81	63	81	2	77	95	42	47	
88	73	23	81	28	21	3	47	35	79	59	5	38	33	77	34	15	80	75	81	33	17	61	34	34	69	100	47	80	16	76	92	46	18	100	57	9	89	31	57	89	10	21	96	63	39	11	85	84	55	20	77	57	91	61	2	59	19	98	90	78	94	26	3	18	66	78	32	73	63	20	2	20	98	43	70	70	63	39	24	57	53	74	67	51	13	84	13	25	80	26	89	58	36	58	19	91	49	29	54	
62	68	72	68	16	10	26	84	98	18	0	42	52	19	58	77	1	51	40	15	83	92	21	55	84	44	19	96	58	10	57	68	17	82	16	88	22	86	54	85	15	100	73	17	10	89	47	31	41	37	82	75	82	47	42	34	70	60	88	57	13	31	13	22	93	48	31	27	42	93	91	60	9	96	66	59	53	91	24	94	49	35	88	12	85	87	52	83	93	51	68	93	86	34	62	64	30	59	73	83	
73	92	86	21	14	70	62	97	49	64	33	44	2	4	76	84	14	70	4	22	15	14	42	8	22	70	57	7	97	32	97	41	37	90	14	90	91	45	71	10	14	21	12	28	74	38	65	78	10	2	71	20	41	27	17	19	44	22	52	59	42	11	66	37	17	65	50	91	5	56	49	37	49	20	61	21	56	9	51	92	60	81	27	31	48	97	6	87	25	85	13	28	4	96	86	56	94	98	85	92	
21	93	80	8	33	5	41	55	61	18	78	37	32	97	56	28	1	71	60	7	90	21	57	39	26	18	57	30	11	94	1	15	69	28	81	19	4	30	18	6	99	29	77	69	74	65	25	20	19	51	16	21	72	17	92	83	97	68	91	19	97	81	32	91	54	77	20	23	0	72	40	76	31	6	0	14	97	68	34	61	45	81	24	51	68	70	15	65	62	86	68	35	46	84	23	20	36	46	73	65	
12	86	81	73	11	73	76	45	1	3	21	1	93	78	97	10	41	5	14	62	94	64	77	67	25	60	4	33	95	20	35	42	54	3	78	47	0	70	37	86	80	69	31	19	25	84	93	43	52	17	44	25	82	75	79	70	86	36	53	59	23	52	4	88	59	9	100	62	0	78	21	62	63	49	39	11	2	35	30	15	22	24	63	88	15	25	96	44	26	2	48	38	94	78	23	40	96	99	96	22	
0	32	79	0	81	49	10	78	18	97	60	5	17	81	5	78	63	75	33	76	27	0	53	54	64	48	1	28	53	3	94	83	34	63	15	79	100	14	73	3	34	96	62	10	29	43	2	24	64	2	40	96	82	93	64	68	63	61	39	24	25	16	56	56	14	7	27	17	32	18	19	76	94	36	76	56	35	98	66	69	85	93	21	26	4	20	72	14	32	58	77	99	8	28	84	96	76	39	46	36	
100	8	7	83	90	34	43	66	19	12	92	95	9	1	60	60	14	80	27	58	58	88	90	100	36	48	61	84	60	55	53	49	8	58	19	71	42	21	25	44	20	69	9	54	60	9	86	91	28	26	51	38	80	75	64	95	80	16	19	71	53	55	63	46	56	88	14	45	58	48	27	97	3	38	62	53	33	82	39	13	15	87	44	51	92	35	58	100	55	93	50	36	90	5	18	5	59	69	83	0	
84	68	70	23	3	11	94	31	98	29	56	31	26	64	95	57	91	69	9	100	91	35	77	29	39	16	60	25	49	1	25	94	65	18	14	37	82	43	16	68	3	3	61	5	71	1	63	80	42	24	47	9	94	93	17	33	14	30	19	47	12	92	10	3	70	61	90	15	54	17	26	35	89	31	67	56	51	35	61	59	54	89	68	59	74	83	54	21	66	13	76	9	94	93	74	30	69	88	94	36	
3	86	27	64	48	7	45	37	46	78	24	67	49	46	17	50	46	56	24	72	10	66	15	42	14	22	92	66	87	4	73	41	19	49	61	81	9	94	12	60	23	38	19	33	47	5	49	33	87	16	1	46	17	1	70	33	56	48	99	18	54	67	8	73	11	19	55	79	11	32	53	36	29	87	59	24	22	4	25	60	30	60	68	11	87	83	29	19	34	80	43	12	16	50	32	40	26	10	15	67	
33	89	96	81	85	93	29	27	56	87	17	31	78	52	65	59	35	74	7	25	70	87	32	32	91	55	24	82	52	22	46	37	66	68	37	18	42	96	23	73	95	90	27	68	80	96	97	18	44	19	41	60	96	4	16	56	71	79	17	74	74	76	19	57	80	34	70	27	9	72	86	56	92	5	57	94	35	1	66	33	80	71	41	48	74	45	24	17	62	31	87	71	40	20	23	63	97	7	56	10	
71	90	54	19	67	87	89	46	81	5	90	13	100	20	15	88	93	51	25	65	31	34	60	20	71	52	14	15	20	33	18	36	39	16	78	44	75	83	100	19	5	95	100	30	70	54	56	92	56	61	56	28	8	12	98	64	47	63	80	54	11	67	56	75	72	85	12	19	99	16	9	29	78	47	13	84	63	43	95	84	68	62	43	25	28	39	52	25	15	6	48	68	28	11	90	76	3	79	45	56	
13	42	66	42	3	20	80	8	2	10	75	57	84	32	62	73	13	9	78	9	80	58	17	25	20	9	24	84	1	40	9	56	21	34	95	13	40	88	54	79	97	38	56	34	61	86	41	31	35	88	9	22	27	77	93	40	72	1	41	79	28	74	65	81	78	89	23	98	70	75	4	32	94	90	90	3	10	90	55	60	36	0	18	42	49	53	37	92	38	21	70	30	12	91	68	29	64	25	29	7	
57	15	26	68	84	9	81	14	88	86	43	46	20	45	76	75	49	5	23	0	27	62	12	85	39	88	69	31	50	76	37	71	32	36	70	24	62	99	12	79	18	31	17	51	24	22	52	59	86	41	73	99	78	63	20	6	33	29	97	19	8	41	87	49	89	25	86	78	58	92	78	73	66	10	97	12	7	34	19	59	54	58	11	57	51	15	24	21	1	64	18	87	48	64	50	94	21	47	0	49	
85	47	97	48	48	89	98	0	17	62	94	23	0	100	78	84	87	51	96	82	69	22	96	75	75	100	65	0	66	77	97	5	29	3	36	85	1	74	1	7	43	100	11	71	48	77	82	39	67	4	14	3	5	6	75	4	90	49	81	16	66	12	67	57	87	34	65	90	16	34	31	75	58	83	71	18	5	36	37	26	66	83	7	7	34	60	53	48	48	17	48	13	26	27	31	63	51	79	40	50	
14	24	94	4	56	12	90	12	7	50	95	84	9	92	45	37	40	86	86	86	95	97	71	20	16	22	46	84	97	54	20	9	0	86	79	97	34	14	86	19	21	70	87	56	94	58	67	23	89	20	29	67	85	72	40	22	37	100	26	83	21	99	81	78	91	62	70	64	81	32	2	72	4	41	7	32	80	38	21	39	4	88	34	82	66	31	15	67	24	66	45	16	49	10	81	14	98	70	54	11	
35	37	17	19	81	86	10	24	27	79	66	10	89	10	82	14	63	71	51	50	44	1	95	40	79	13	43	56	5	31	57	76	5	42	76	67	67	33	58	37	72	58	62	48	55	92	80	65	40	42	51	59	68	39	52	71	85	7	52	38	2	81	31	35	44	41	70	62	4	52	28	71	6	59	44	47	33	54	46	11	34	71	40	40	99	82	11	62	13	14	31	62	0	78	62	19	88	23	45	11	
47	1	35	67	20	38	77	45	84	7	50	10	4	30	67	77	2	27	94	81	62	12	52	36	95	5	33	34	78	71	83	7	54	44	24	76	50	69	43	76	27	54	50	68	74	94	8	54	84	47	3	48	62	99	1	84	13	53	64	12	78	79	12	17	76	85	12	22	69	40	96	64	89	20	26	92	27	34	50	51	98	2	57	100	27	63	43	86	83	10	9	25	88	55	48	41	36	42	24	47	
21	88	0	33	84	94	12	7	81	31	47	3	15	12	45	8	11	16	38	56	37	77	20	7	82	78	49	15	53	21	69	46	35	64	24	37	16	31	66	90	84	94	73	86	68	17	27	99	19	42	83	24	72	40	87	22	92	5	13	34	72	14	67	1	100	39	43	27	58	72	59	8	68	40	72	46	26	76	23	48	38	7	77	83	6	7	8	56	57	81	17	73	92	19	0	77	17	18	13	98	
71	30	41	96	67	53	6	42	93	69	13	55	21	7	9	65	6	2	30	84	47	98	11	98	88	53	85	80	90	72	69	12	1	11	18	13	24	83	81	80	24	73	83	2	55	38	32	16	30	8	80	1	16	67	67	93	75	12	22	22	35	72	24	76	79	32	81	86	99	19	64	92	24	82	71	23	60	90	73	21	75	17	53	49	3	63	67	85	100	54	79	26	23	77	31	21	10	66	7	73	
72	9	56	73	33	45	73	44	43	100	50	25	95	17	76	38	36	24	87	15	74	80	21	56	13	99	4	94	72	24	63	55	28	72	62	29	80	94	28	78	80	3	77	74	51	13	77	65	1	92	96	88	55	57	37	98	80	11	25	73	79	50	30	38	97	70	13	90	57	40	37	26	15	78	9	81	99	6	10	80	7	18	92	99	33	3	7	34	6	96	11	71	21	38	74	48	75	35	99	55	
12	33	23	30	95	52	67	29	74	45	31	28	10	50	92	99	49	54	29	80	27	56	48	47	50	14	66	86	32	67	46	84	70	45	11	19	50	91	94	94	78	3	86	7	95	48	44	38	35	99	56	96	65	50	87	34	79	32	97	64	18	17	48	45	0	53	7	11	3	91	72	76	24	49	46	93	73	55	85	20	46	2	74	99	14	3	67	80	4	11	14	92	25	81	93	8	53	51	58	38	
72	6	61	41	16	28	59	23	1	2	87	6	95	10	23	44	76	98	29	16	5	36	66	21	40	92	72	78	48	21	82	87	6	28	77	47	25	20	61	61	33	2	87	14	96	5	49	63	92	23	97	51	11	74	5	93	74	94	99	79	34	84	14	23	21	87	69	82	48	57	62	89	17	34	1	100	12	54	43	86	24	9	27	39	37	23	69	64	66	30	86	3	95	49	54	96	50	62	84	75	
59	52	39	55	15	94	83	8	40	6	60	13	74	33	45	27	10	59	61	56	35	7	70	31	66	53	65	49	27	90	3	80	38	10	44	51	79	40	24	98	58	31	23	5	95	38	64	5	78	30	47	74	16	26	87	83	41	78	72	7	16	43	4	74	54	56	45	75	24	33	47	67	76	52	100	79	70	4	34	57	77	97	11	60	56	39	19	67	0	17	73	77	14	67	40	8	7	87	44	56	
16	22	30	34	23	56	46	4	70	61	50	23	7	31	17	97	16	33	37	49	22	95	52	71	15	24	93	65	52	91	46	32	94	4	57	26	92	38	68	64	9	93	94	3	54	90	93	33	36	17	99	85	57	79	74	30	82	75	1	55	74	81	87	71	17	34	39	90	5	9	45	50	68	77	91	1	48	21	61	32	68	72	76	24	68	75	82	19	14	73	16	33	54	80	29	59	55	87	49	6	
48	68	93	82	79	95	27	4	55	4	79	29	59	12	54	64	91	58	0	41	19	70	8	75	92	0	15	50	59	23	11	100	37	43	94	46	90	43	78	7	6	55	49	7	22	48	43	96	1	92	86	30	58	62	11	37	95	24	37	21	51	100	55	54	17	40	88	8	22	32	32	50	93	92	11	86	99	96	33	91	12	66	75	17	43	16	58	85	92	57	45	42	11	48	38	24	26	46	6	29	
78	65	43	85	56	31	99	95	46	67	34	25	49	10	100	80	4	85	48	71	17	65	98	91	42	71	10	29	36	25	63	86	84	44	10	25	64	3	21	63	88	14	3	53	15	15	84	50	42	48	7	45	30	37	37	58	54	59	21	88	80	18	51	17	15	67	59	26	0	25	76	12	93	71	88	71	61	92	41	36	11	84	98	54	91	100	9	40	90	91	61	90	36	38	92	34	66	37	100	15	
41	77	45	81	4	83	41	81	90	8	95	29	18	45	8	96	26	48	94	79	0	24	91	92	67	39	14	100	78	13	12	86	11	85	3	65	5	25	5	27	78	81	13	25	23	22	66	36	91	27	57	47	62	66	73	32	79	20	46	2	88	41	72	24	60	68	86	13	49	27	11	44	96	6	88	51	96	77	87	22	41	52	84	13	53	33	40	93	99	76	71	54	50	83	93	4	68	17	81	42	
51	81	93	12	22	17	3	46	83	60	49	94	27	30	8	38	35	50	80	94	83	6	1	24	59	98	95	4	17	69	69	69	33	54	72	91	60	35	0	1	8	66	33	27	9	83	25	99	82	83	7	11	48	14	29	85	75	87	59	32	71	78	44	30	49	84	77	78	9	2	82	69	92	99	71	79	70	48	17	10	17	22	82	33	98	6	85	69	21	18	70	31	71	93	77	22	15	80	22	99	
29	73	37	74	63	75	87	99	87	29	80	49	59	96	22	41	58	67	59	34	0	53	34	40	52	48	88	99	57	88	37	26	24	19	6	7	54	57	63	70	89	41	15	86	62	20	84	95	14	73	47	92	81	75	62	59	36	67	20	28	48	14	3	48	13	50	35	27	34	39	46	64	74	5	69	37	40	15	99	75	50	30	10	89	96	84	47	58	8	31	66	59	35	90	24	85	96	68	24	58	
61	55	47	85	45	45	78	91	59	62	47	95	46	77	4	22	78	60	31	82	92	52	77	2	18	99	47	87	92	3	53	13	15	36	55	49	4	34	92	25	47	65	89	85	39	51	66	38	79	68	34	15	86	11	74	74	79	9	53	30	17	82	10	50	33	15	35	52	81	24	57	24	29	0	57	14	38	16	76	54	53	15	92	40	2	2	27	92	71	58	42	97	53	78	89	70	55	26	20	17	
6	12	98	23	56	28	40	75	90	8	49	100	49	24	48	30	39	63	32	96	31	27	53	31	80	67	74	53	3	93	55	50	7	10	90	86	14	97	74	9	61	3	24	31	14	98	74	49	89	19	63	16	21	97	9	0	43	91	36	13	70	94	6	16	84	99	54	24	13	8	98	57	16	48	92	43	37	51	43	94	36	11	2	44	11	76	1	76	43	84	87	20	53	99	55	62	41	98	90	47	
48	17	26	42	63	67	43	35	28	97	72	28	50	75	71	69	79	98	70	60	76	72	29	12	36	53	76	39	70	7	67	89	32	6	44	89	0	18	16	7	84	4	6	11	78	95	61	41	42	60	11	28	17	9	69	30	82	62	90	48	96	86	95	83	48	14	20	32	25	20	84	76	92	18	48	52	35	0	65	89	91	95	94	73	70	97	76	57	73	68	53	25	16	19	82	37	57	86	27	26	
81	67	60	3	27	38	80	32	59	37	81	4	76	12	46	100	83	38	97	5	3	12	45	56	86	54	97	30	38	99	14	81	7	52	44	65	15	10	77	49	11	50	35	44	55	23	72	84	84	55	85	98	26	80	90	61	1	92	60	44	36	74	62	0	25	30	35	8	19	22	100	72	64	65	30	31	62	89	39	90	100	43	17	23	13	28	55	26	27	52	21	63	83	27	46	1	67	33	12	2	
95	14	24	100	23	85	23	77	66	95	3	7	46	46	34	29	57	64	91	16	77	93	62	63	81	66	25	56	98	67	18	27	92	28	65	84	10	47	37	42	61	28	51	42	17	55	4	22	19	100	53	100	14	61	87	0	18	56	2	79	44	6	19	88	36	52	22	61	35	79	21	88	19	9	27	33	91	61	35	8	35	16	61	97	55	57	55	1	60	26	98	85	37	0	28	75	15	26	100	